# 1: Time step number
# 2: Time (years)
# 3: Time step size (years)
# 4: Number of mesh cells
# 5: Number of Stokes degrees of freedom
# 6: Number of temperature degrees of freedom
# 7: Number of degrees of freedom for all compositions
# 8: Number of nonlinear iterations
# 9: Iterations for temperature solver
# 10: Iterations for composition solver 1
# 11: Iterations for composition solver 2
# 12: Iterations for composition solver 3
# 13: Iterations for composition solver 4
# 14: Iterations for composition solver 5
# 15: Iterations for composition solver 6
# 16: Iterations for Stokes solver
# 17: Velocity iterations in Stokes preconditioner
# 18: Schur complement iterations in Stokes preconditioner
# 19: RMS velocity (m/year)
# 20: Max. velocity (m/year)
# 21: Minimum topography (m)
# 22: Maximum topography (m)
# 23: Minimal temperature (K)
# 24: Average temperature (K)
# 25: Maximal temperature (K)
# 26: Average nondimensional temperature (K)
# 27: Visualization file name
  0 0.000000000000e+00 0.000000000000e+00 1773568 45594672 14579753 87478518 10  0  0  0  0  0  0  0 157 5024 2339 2.47055897e-03 5.19235402e-03  0.00000000e+00 0.00000000e+00 2.73000000e+02 1.52907548e+03 1.72780000e+03 8.63400798e-01 output-HeronTectonics19-M1/solution/solution-00000 
  1 1.503545404340e+05 1.503545404340e+05 1773568 45594672 14579753 87478518 10 22 22 18 19 19 16 20 175 5946 2546 2.63792426e-03 5.67832803e-03 -2.65539884e+02 2.33676116e+02 2.73000000e+02 1.52920916e+03 1.72780000e+03 8.63492689e-01                                                 "" 
  2 2.891370941619e+05 1.387825537279e+05 1773568 45594672 14579753 87478518  9 18 21 21 21 19 15 21 192 6504 2742 2.56873518e-03 5.53879050e-03 -7.43811324e+02 3.17284474e+02 2.73000000e+02 1.52930974e+03 1.72780000e+03 8.63561824e-01                                                 "" 
  3 4.302385319550e+05 1.411014377931e+05 1773568 45594672 14579753 87478518  8 19 22 21 22 20 16 27 186 5966 2726 2.62787184e-03 5.34389069e-03 -1.02870280e+03 5.90156041e+02 2.73000000e+02 1.52944934e+03 1.72780000e+03 8.63657778e-01                                                 "" 
  4 5.777597697632e+05 1.475212378083e+05 1773568 45594672 14579753 87478518  8 19 21 19 20 19 16 20 194 6220 2835 2.61544097e-03 6.27411751e-03 -1.53156456e+03 8.03409393e+02 2.73000000e+02 1.52956671e+03 1.72780000e+03 8.63738456e-01                                                 "" 
  5 7.023578305509e+05 1.245980607876e+05 1773568 45594672 14579753 87478518  6 17 21 18 19 18 15 22 152 4734 2229 2.63771646e-03 5.82275284e-03 -1.84485395e+03 1.07414764e+03 2.73000000e+02 1.52968421e+03 1.72780000e+03 8.63819225e-01                                                 "" 
  6 8.365940752265e+05 1.342362446756e+05 1773568 45594672 14579753 87478518  6 17 20 17 18 17 15 20 140 5546 2040 2.64196910e-03 6.57355435e-03 -2.30472841e+03 1.31509870e+03 2.73000000e+02 1.52979625e+03 1.72780000e+03 8.63896243e-01                                                 "" 
  7 9.554414990191e+05 1.188474237926e+05 1773568 45594672 14579753 87478518  5 16 20 17 17 17 15 21 109 4178 1583 2.65325571e-03 6.47307018e-03 -2.66794319e+03 1.56800676e+03 2.73000000e+02 1.52990316e+03 1.72780000e+03 8.63969730e-01                                                 "" 
  8 1.076133709483e+06 1.206922104637e+05 1773568 45594672 14579753 87478518  5 15 20 16 17 17 14 20 103 4059 1556 2.65712697e-03 6.81209854e-03 -3.06632401e+03 1.79699965e+03 2.73000000e+02 1.53000699e+03 1.72780000e+03 8.64041100e-01 output-HeronTectonics19-M1/solution/solution-00001 
  9 1.190819686732e+06 1.146859772488e+05 1773568 45594672 14579753 87478518  4 15 19 16 16 16 14 20  75 3208 1179 2.66239324e-03 6.89852111e-03 -3.41657369e+03 2.01779467e+03 2.73000000e+02 1.53010790e+03 1.72780000e+03 8.64110462e-01                                                 "" 
 10 1.304086654235e+06 1.132669675030e+05 1773568 45594672 14579753 87478518  4 14 19 16 16 16 14 20  78 3561 1222 2.66696484e-03 7.09036277e-03 -3.74863827e+03 2.21667407e+03 2.73000000e+02 1.53020611e+03 1.72780000e+03 8.64177970e-01                                                 "" 
 11 1.414271222399e+06 1.101845681642e+05 1773568 45594672 14579753 87478518  4 14 19 15 16 16 14 21  69 3324 1114 2.67322060e-03 7.23662484e-03 -4.04842675e+03 2.46174958e+03 2.73000000e+02 1.53030160e+03 1.72780000e+03 8.64243610e-01                                                 "" 
 12 1.522228118229e+06 1.079568958302e+05 1773568 45594672 14579753 87478518  4 13 18 15 16 16 14 20  63 2852 1025 2.68106649e-03 7.39308675e-03 -4.32740823e+03 2.71230155e+03 2.73000000e+02 1.53039502e+03 1.72780000e+03 8.64307825e-01                                                 "" 
 13 1.627898676095e+06 1.056705578660e+05 1773568 45594672 14579753 87478518  3 13 19 15 16 16 13 20  47 1986  794 2.68978245e-03 7.53671355e-03 -4.59204408e+03 2.84423436e+03 2.73000000e+02 1.53048621e+03 1.72780000e+03 8.64370503e-01                                                 "" 
 14 1.731565330179e+06 1.036666540835e+05 1773568 45594672 14579753 87478518  3 13 18 16 17 16 13 20  48 1896  797 2.69915142e-03 7.67413925e-03 -4.83710170e+03 2.97039556e+03 2.73000000e+02 1.53057541e+03 1.72780000e+03 8.64431817e-01                                                 "" 
 15 1.833381244431e+06 1.018159142527e+05 1773568 45594672 14579753 87478518  3 13 18 15 17 16 13 20  46 1850  770 2.70891087e-03 7.80402930e-03 -5.06444527e+03 3.20441649e+03 2.73000000e+02 1.53066281e+03 1.72780000e+03 8.64491899e-01                                                 "" 
 16 1.933504668147e+06 1.001234237157e+05 1773568 45594672 14579753 87478518  3 12 18 15 17 16 13 20  43 1750  723 2.71889673e-03 7.93358202e-03 -5.27318721e+03 3.39151291e+03 2.73000000e+02 1.53075181e+03 1.72780000e+03 8.64553072e-01                                                 "" 
 17 2.031993140657e+06 9.848847250965e+04 1773568 45594672 14579753 87478518  3 12 18 15 17 16 13 20  46 1955  775 2.72907282e-03 8.05541822e-03 -5.46580149e+03 3.41668585e+03 2.73000000e+02 1.53083602e+03 1.72780000e+03 8.64610954e-01 output-HeronTectonics19-M1/solution/solution-00002 
 18 2.128992944307e+06 9.699980365053e+04 1773568 45594672 14579753 87478518  3 12 18 15 17 16 13 20  43 1804  722 2.73951409e-03 8.17876054e-03 -5.64123877e+03 3.48468926e+03 2.73000000e+02 1.53091879e+03 1.72780000e+03 8.64667855e-01                                                 "" 
 19 2.224529510882e+06 9.553656657470e+04 1773568 45594672 14579753 87478518  3 12 18 16 17 16 13 20  41 1720  695 2.75013167e-03 8.30053609e-03 -5.79988431e+03 3.69517568e+03 2.73000000e+02 1.53100020e+03 1.72780000e+03 8.64723812e-01                                                 "" 
 20 2.318664145089e+06 9.413463420746e+04 1773568 45594672 14579753 87478518  3 12 18 16 17 16 13 20  39 1658  683 2.76075175e-03 8.41619593e-03 -5.94192219e+03 3.83131708e+03 2.73000000e+02 1.53108029e+03 1.72780000e+03 8.64778863e-01                                                 "" 
 21 2.411503273770e+06 9.283912868060e+04 1773568 45594672 14579753 87478518  3 12 18 16 17 16 13 20  37 1689  643 2.77129321e-03 8.53431087e-03 -6.06825777e+03 3.78783325e+03 2.73000000e+02 1.53116472e+03 1.72780000e+03 8.64836900e-01                                                 "" 
 22 2.503055815936e+06 9.155254216641e+04 1773568 45594672 14579753 87478518  2 12 18 16 16 16 13 20  30 1303  511 2.78165303e-03 8.63815338e-03 -6.17929556e+03 3.85408010e+03 2.73000000e+02 1.53124241e+03 1.72780000e+03 8.64890300e-01                                                 "" 
 23 2.593502360567e+06 9.044654463086e+04 1773568 45594672 14579753 87478518  3 12 18 16 16 16 14 20  39 1746  671 2.79160032e-03 8.74885736e-03 -6.27859201e+03 4.04900428e+03 2.73000000e+02 1.53131908e+03 1.72780000e+03 8.64943001e-01                                                 "" 
 24 2.682802045784e+06 8.929968521704e+04 1773568 45594672 14579753 87478518  2 12 18 16 17 15 13 20  25 1054  444 2.80129047e-03 8.85559885e-03 -6.36295271e+03 4.15626642e+03 2.73000000e+02 1.53139470e+03 1.72780000e+03 8.64994980e-01                                                 "" 
 25 2.771027712811e+06 8.822566702650e+04 1773568 45594672 14579753 87478518  3 12 18 16 17 15 13 20  35 1549  638 2.81058364e-03 8.96464119e-03 -6.43243009e+03 4.17955508e+03 2.73000000e+02 1.53146934e+03 1.72780000e+03 8.65046289e-01                                                 "" 
 26 2.858176771531e+06 8.714905871985e+04 1773568 45594672 14579753 87478518  2 12 18 16 17 15 13 20  24 1078  424 2.81972631e-03 9.07114600e-03 -6.48643560e+03 4.06858636e+03 2.73000000e+02 1.53154895e+03 1.72780000e+03 8.65101007e-01                                                 "" 
 27 2.944306530974e+06 8.612975944337e+04 1773568 45594672 14579753 87478518  2 12 18 16 17 16 13 20  28 1199  486 2.82864819e-03 9.17205907e-03 -6.52481550e+03 4.21814346e+03 2.73000000e+02 1.53162172e+03 1.72780000e+03 8.65151034e-01                                                 "" 
 28 3.029483384941e+06 8.517685396669e+04 1773568 45594672 14579753 87478518  2 12 18 16 17 15 13 20  26 1203  449 2.83733486e-03 9.27577462e-03 -6.54798532e+03 4.35739959e+03 2.73000000e+02 1.53169366e+03 1.72780000e+03 8.65200481e-01 output-HeronTectonics19-M1/solution/solution-00003 
 29 3.113712428659e+06 8.422904371868e+04 1773568 45594672 14579753 87478518  2 12 18 16 17 16 13 20  24 1194  420 2.84580914e-03 9.38618133e-03 -6.55689684e+03 4.39008285e+03 2.73000000e+02 1.53176476e+03 1.72780000e+03 8.65249355e-01                                                 "" 
 30 3.196948328674e+06 8.323590001497e+04 1773568 45594672 14579753 87478518  2 11 17 15 17 16 14 20  25 1253  444 2.85410150e-03 9.50813849e-03 -6.55328129e+03 4.31409923e+03 2.73000000e+02 1.53183500e+03 1.72780000e+03 8.65297637e-01                                                 "" 
 31 3.279114740512e+06 8.216641183791e+04 1773568 45594672 14579753 87478518  2 11 17 15 17 15 13 20  23 1329  405 2.86224641e-03 9.63633486e-03 -6.54273128e+03 4.27951632e+03 2.73000000e+02 1.53190915e+03 1.72780000e+03 8.65348606e-01                                                 "" 
 32 3.360188212439e+06 8.107347192714e+04 1773568 45594672 14579753 87478518  2 11 17 16 17 16 13 20  22 1091  400 2.87027768e-03 9.77114161e-03 -6.54097185e+03 4.41432609e+03 2.73000000e+02 1.53197757e+03 1.72780000e+03 8.65395632e-01                                                 "" 
 33 3.440143378406e+06 7.995516596710e+04 1773568 45594672 14579753 87478518  2 11 17 16 17 16 13 20  20 1036  371 2.87823155e-03 9.91312370e-03 -6.53509749e+03 4.50022265e+03 2.73000000e+02 1.53204504e+03 1.72780000e+03 8.65442012e-01                                                 "" 
 34 3.518953612561e+06 7.881023415431e+04 1773568 45594672 14579753 87478518  2 11 17 16 16 16 13 20  20 1084  374 2.88608306e-03 1.00619083e-02 -6.52344330e+03 4.49491828e+03 2.73000000e+02 1.53211156e+03 1.72780000e+03 8.65487735e-01                                                 "" 
 35 3.596597929677e+06 7.764431711623e+04 1773568 45594672 14579753 87478518  2 11 17 16 17 16 14 20  19 1057  349 2.89383301e-03 1.02228564e-02 -6.50484185e+03 4.43819133e+03 2.73000000e+02 1.53217711e+03 1.72780000e+03 8.65532796e-01                                                 "" 
 36 3.673019818756e+06 7.642188907899e+04 1773568 45594672 14579753 87478518  2 11 17 16 17 16 13 19  19 1144  342 2.90143659e-03 1.03883025e-02 -6.47909947e+03 4.34564217e+03 2.73000000e+02 1.53224371e+03 1.72780000e+03 8.65578577e-01                                                 "" 
 37 3.748224598497e+06 7.520477974097e+04 1773568 45594672 14579753 87478518  2 11 17 16 17 16 14 19  18 1052  324 2.90885611e-03 1.05477861e-02 -6.44718330e+03 4.43892125e+03 2.73000000e+02 1.53230728e+03 1.72780000e+03 8.65622270e-01                                                 "" 
 38 3.822293295011e+06 7.406869651376e+04 1773568 45594672 14579753 87478518  2 11 17 16 17 16 13 19  18  974  330 2.91608737e-03 1.07050597e-02 -6.41075850e+03 4.50000273e+03 2.73000000e+02 1.53236992e+03 1.72780000e+03 8.65665327e-01                                                 "" 
 39 3.895274555025e+06 7.298126001430e+04 1773568 45594672 14579753 87478518  2 11 17 16 17 16 13 19  18 1031  329 2.92312602e-03 1.08582182e-02 -6.37135122e+03 4.51726007e+03 2.73000000e+02 1.53243167e+03 1.72780000e+03 8.65707777e-01                                                 "" 
 40 3.967225621717e+06 7.195106669184e+04 1773568 45594672 14579753 87478518  2 11 17 16 17 16 13 19  16 1066  293 2.92996406e-03 1.10061308e-02 -6.32992571e+03 4.49956092e+03 2.73000000e+02 1.53249260e+03 1.72780000e+03 8.65749655e-01                                                 "" 
 41 4.038209720411e+06 7.098409869461e+04 1773568 45594672 14579753 87478518  2 11 17 16 17 16 13 19  16 1089  299 2.93665324e-03 1.11566227e-02 -6.28714854e+03 4.47133990e+03 2.73000000e+02 1.53255001e+03 1.72780000e+03 8.65789120e-01 output-HeronTectonics19-M1/solution/solution-00004 
 42 4.108235494761e+06 7.002577434952e+04 1773568 45594672 14579753 87478518  2 11 17 16 17 16 13 19  15 1068  288 2.94324316e-03 1.13052688e-02 -6.24163544e+03 4.43428102e+03 2.73000000e+02 1.53260934e+03 1.72780000e+03 8.65829903e-01                                                 "" 
 43 4.177341202613e+06 6.910570785220e+04 1773568 45594672 14579753 87478518  2 11 17 16 17 16 14 19  15 1234  283 2.94976160e-03 1.14512846e-02 -6.19196155e+03 4.38729548e+03 2.73000000e+02 1.53266791e+03 1.72780000e+03 8.65870162e-01                                                 "" 
 44 4.245567835093e+06 6.822663248009e+04 1773568 45594672 14579753 87478518  2 11 17 16 17 16 14 19  15 1099  283 2.95620201e-03 1.15974136e-02 -6.13733178e+03 4.38000599e+03 2.73000000e+02 1.53272576e+03 1.72780000e+03 8.65909927e-01                                                 "" 
 45 4.312932586573e+06 6.736475147998e+04 1773568 45594672 14579753 87478518  2 11 17 16 17 16 13 19  14  984  259 2.96255896e-03 1.17413836e-02 -6.07824596e+03 4.40661418e+03 2.73000000e+02 1.53278290e+03 1.72780000e+03 8.65949204e-01                                                 "" 
 46 4.379468344476e+06 6.653575790249e+04 1773568 45594672 14579753 87478518  2 11 17 16 17 16 13 19  14 1075  254 2.96882125e-03 1.18784620e-02 -6.01652583e+03 4.42286719e+03 2.73000000e+02 1.53283228e+03 1.72780000e+03 8.65983145e-01                                                 "" 
 47 4.445237923738e+06 6.576957926234e+04 1773568 45594672 14579753 87478518  2 10 17 15 17 16 13 19  13 1038  232 2.97494901e-03 1.20020306e-02 -6.01709101e+03 4.42930305e+03 2.73000000e+02 1.53288812e+03 1.72780000e+03 8.66021527e-01                                                 "" 
 48 4.510336524516e+06 6.509860077758e+04 1773568 45594672 14579753 87478518  2 10 17 15 17 16 13 19  13 1014  233 2.98092230e-03 1.21053631e-02 -6.04583211e+03 4.43060379e+03 2.73000000e+02 1.53294340e+03 1.72780000e+03 8.66059528e-01                                                 "" 
 49 4.574886125122e+06 6.454960060674e+04 1773568 45594672 14579753 87478518  1 10 17 15 17 16 13 19   7  625  124 2.98679280e-03 1.21918191e-02 -6.08044792e+03 4.42952172e+03 2.73000000e+02 1.53299824e+03 1.72780000e+03 8.66097221e-01                                                 "" 
 50 4.638969222183e+06 6.408309706011e+04 1773568 45594672 14579753 87478518  2 10 17 15 17 16 13 19  14  899  251 2.99247699e-03 1.22605334e-02 -6.10612038e+03 4.42667760e+03 2.73000000e+02 1.53305270e+03 1.72780000e+03 8.66134657e-01                                                 "" 
 51 4.702692249273e+06 6.372302709016e+04 1773568 45594672 14579753 87478518  1 10 17 15 17 16 13 19   7  524  129 2.99812603e-03 1.23267918e-02 -6.12228819e+03 4.42228525e+03 2.73000000e+02 1.53309723e+03 1.72780000e+03 8.66165264e-01                                                 "" 
 52 4.766073350145e+06 6.338110087209e+04 1773568 45594672 14579753 87478518  1 10 17 15 17 16 13 19   7  504  129 3.00371376e-03 1.23887407e-02 -6.12910259e+03 4.41604908e+03 2.73000000e+02 1.53315111e+03 1.72780000e+03 8.66202306e-01                                                 "" 
 53 4.829137587701e+06 6.306423755587e+04 1773568 45594672 14579753 87478518  1 10 17 15 16 16 13 19   7  570  128 3.00927142e-03 1.24568028e-02 -6.13762608e+03 4.43102124e+03 2.73000000e+02 1.53320477e+03 1.72780000e+03 8.66239187e-01                                                 "" 
 54 4.891856837170e+06 6.271924946966e+04 1773568 45594672 14579753 87478518  1 10 17 15 16 16 13 19   7  293  130 3.01481607e-03 1.25389512e-02 -6.14869178e+03 4.46568126e+03 2.73000000e+02 1.53325813e+03 1.72780000e+03 8.66275869e-01                                                 "" 
 55 4.954162985012e+06 6.230614784176e+04 1773568 45594672 14579753 87478518  1 10 17 15 16 16 13 19   7  541  129 3.02034779e-03 1.26398633e-02 -6.14964861e+03 4.46678160e+03 2.73000000e+02 1.53331116e+03 1.72780000e+03 8.66312315e-01                                                 "" 
 56 5.015972032354e+06 6.180904734153e+04 1773568 45594672 14579753 87478518  1 10 17 15 16 16 13 19   7  558  127 3.02592030e-03 1.27614441e-02 -6.14522784e+03 4.46962912e+03 2.73000000e+02 1.53335128e+03 1.72780000e+03 8.66339895e-01 output-HeronTectonics19-M1/solution/solution-00005 
 57 5.077191837666e+06 6.121980531204e+04 1773568 45594672 14579753 87478518  1 10 17 15 16 16 13 19   8  592  147 3.03153804e-03 1.28988954e-02 -6.14516923e+03 4.50928344e+03 2.73000000e+02 1.53340342e+03 1.72780000e+03 8.66375737e-01                                                 "" 
 58 5.137759724633e+06 6.056788696785e+04 1773568 45594672 14579753 87478518  1 10 16 15 16 16 13 19   7  465  132 3.03721248e-03 1.30405527e-02 -6.13305669e+03 4.55145535e+03 2.73000000e+02 1.53345503e+03 1.72780000e+03 8.66411209e-01                                                 "" 
 59 5.197669153693e+06 5.990942905978e+04 1773568 45594672 14579753 87478518  1 10 16 15 16 16 13 19   8  379  148 3.04286622e-03 1.31736418e-02 -6.12551230e+03 4.61624886e+03 2.73000000e+02 1.53350610e+03 1.72780000e+03 8.66446316e-01                                                 "" 
 60 5.256978842928e+06 5.930968923451e+04 1773568 45594672 14579753 87478518  1 10 16 15 16 16 13 19   8  521  152 3.04839239e-03 1.32861005e-02 -6.10966449e+03 4.66353111e+03 2.73000000e+02 1.53355668e+03 1.72780000e+03 8.66481086e-01                                                 "" 
 61 5.315789546022e+06 5.881070309472e+04 1773568 45594672 14579753 87478518  1 10 16 15 16 16 13 19   7  602  137 3.05372766e-03 1.33749352e-02 -6.08399402e+03 4.70152768e+03 2.73000000e+02 1.53359237e+03 1.72780000e+03 8.66505615e-01                                                 "" 
 62 5.374208642921e+06 5.841909689891e+04 1773568 45594672 14579753 87478518  1 10 16 15 16 16 13 19   7  654  135 3.05891159e-03 1.34427245e-02 -6.10411163e+03 4.71227681e+03 2.73000000e+02 1.53364221e+03 1.72780000e+03 8.66539877e-01                                                 "" 
 63 5.432331886232e+06 5.812324331022e+04 1773568 45594672 14579753 87478518  1 10 16 15 16 16 13 19   6  516  119 3.06390528e-03 1.34959761e-02 -6.15900369e+03 4.69396606e+03 2.73000000e+02 1.53369185e+03 1.72780000e+03 8.66573997e-01                                                 "" 
 64 5.490223226756e+06 5.789134052409e+04 1773568 45594672 14579753 87478518  1 10 16 15 16 16 13 19   7  495  135 3.06873927e-03 1.35426337e-02 -6.21167687e+03 4.64876495e+03 2.73000000e+02 1.53374128e+03 1.72780000e+03 8.66607973e-01                                                 "" 
 65 5.547912145352e+06 5.768891859614e+04 1773568 45594672 14579753 87478518  1 10 16 15 16 16 13 19   6  557  117 3.07349704e-03 1.35810825e-02 -6.25869507e+03 4.65932649e+03 2.73000000e+02 1.53379052e+03 1.72780000e+03 8.66641820e-01                                                 "" 
 66 5.605434452847e+06 5.752230749501e+04 1773568 45594672 14579753 87478518  1 10 16 15 16 16 14 19   5  360  107 3.07808811e-03 1.36127024e-02 -6.30045180e+03 4.68791620e+03 2.73000000e+02 1.53382300e+03 1.72780000e+03 8.66664143e-01                                                 "" 
 67 5.662821221867e+06 5.738676902043e+04 1773568 45594672 14579753 87478518  1 10 16 15 16 16 13 19   5  360  108 3.08271392e-03 1.36502539e-02 -6.36221786e+03 4.72687628e+03 2.73000000e+02 1.53387198e+03 1.72780000e+03 8.66697817e-01                                                 "" 
 68 5.720050951557e+06 5.722972968942e+04 1773568 45594672 14579753 87478518  1 10 16 15 16 16 13 19   4  280   95 3.08738201e-03 1.37025014e-02 -6.42574427e+03 4.74806169e+03 2.73000000e+02 1.53392088e+03 1.72780000e+03 8.66731426e-01                                                 "" 
 69 5.777062816926e+06 5.701186536935e+04 1773568 45594672 14579753 87478518  1 10 16 15 16 16 13 19   5  318  111 3.09213707e-03 1.37664228e-02 -6.47946071e+03 4.75334906e+03 2.73000000e+02 1.53396960e+03 1.72780000e+03 8.66764918e-01                                                 "" 
 70 5.833810698536e+06 5.674788160993e+04 1773568 45594672 14579753 87478518  1 10 16 15 16 16 13 19   5  441  109 3.09687377e-03 1.38342944e-02 -6.52231069e+03 4.75971471e+03 2.73000000e+02 1.53401815e+03 1.72780000e+03 8.66798289e-01                                                 "" 
 71 5.890281022847e+06 5.647032431076e+04 1773568 45594672 14579753 87478518  1 10 16 15 16 16 13 19   6  368  126 3.10159025e-03 1.38969955e-02 -6.54959162e+03 4.75375276e+03 2.73000000e+02 1.53404746e+03 1.72780000e+03 8.66818435e-01                                                 "" 
 72 5.946496317735e+06 5.621529488792e+04 1773568 45594672 14579753 87478518  1 10 16 15 16 16 13 19   6  450  124 3.10616929e-03 1.39496017e-02 -6.56168945e+03 4.73791857e+03 2.73000000e+02 1.53409561e+03 1.72780000e+03 8.66851531e-01                                                 "" 
 73 6.002499494191e+06 5.600317645650e+04 1773568 45594672 14579753 87478518  1 10 16 15 16 16 13 18   6  348  127 3.11071392e-03 1.39912298e-02 -6.55774564e+03 4.71485339e+03 2.73000000e+02 1.53414356e+03 1.72780000e+03 8.66884492e-01 output-HeronTectonics19-M1/solution/solution-00006 
 74 6.058335680866e+06 5.583618667521e+04 1773568 45594672 14579753 87478518  1 10 16 14 16 16 13 19   5  268  108 3.11508211e-03 1.40235691e-02 -6.54031375e+03 4.72880882e+03 2.73000000e+02 1.53419140e+03 1.72780000e+03 8.66917376e-01                                                 "" 
 75 6.114044410261e+06 5.570872939459e+04 1773568 45594672 14579753 87478518  1 10 16 14 16 16 13 19   5  347  108 3.11935501e-03 1.40509164e-02 -6.51112590e+03 4.73960502e+03 2.73000000e+02 1.53423911e+03 1.72780000e+03 8.66950171e-01                                                 "" 
 76 6.169645656436e+06 5.560124617504e+04 1773568 45594672 14579753 87478518  1 10 16 15 16 16 13 19   5  288  111 3.12353489e-03 1.40720477e-02 -6.46988793e+03 4.74164019e+03 2.73000000e+02 1.53426610e+03 1.72780000e+03 8.66968726e-01                                                 "" 
 77 6.225163656158e+06 5.551799972209e+04 1773568 45594672 14579753 87478518  1 10 16 15 16 16 13 19   5  390  111 3.12763443e-03 1.40889166e-02 -6.41729302e+03 4.74205475e+03 2.73000000e+02 1.53431365e+03 1.72780000e+03 8.67001408e-01                                                 "" 
 78 6.280615705794e+06 5.545204963605e+04 1773568 45594672 14579753 87478518  1 10 16 15 16 16 13 19   4  233   96 3.13164916e-03 1.41081896e-02 -6.35454513e+03 4.75496286e+03 2.73000000e+02 1.53436112e+03 1.72780000e+03 8.67034041e-01                                                 "" 
 79 6.335991577962e+06 5.537587216762e+04 1773568 45594672 14579753 87478518  1 10 16 15 16 16 13 19   4  279   94 3.13549440e-03 1.41363969e-02 -6.28383116e+03 4.76325035e+03 2.73000000e+02 1.53440852e+03 1.72780000e+03 8.67066619e-01                                                 "" 
 80 6.391256802190e+06 5.526522422804e+04 1773568 45594672 14579753 87478518  1 10 16 15 16 16 13 19   5  292  111 3.13933624e-03 1.41788992e-02 -6.24689558e+03 4.76759269e+03 2.73000000e+02 1.53445580e+03 1.72780000e+03 8.67099117e-01                                                 "" 
 81 6.446356399602e+06 5.509959741222e+04 1773568 45594672 14579753 87478518  1 10 16 15 16 16 13 19   3  283   79 3.14303148e-03 1.42245994e-02 -6.20478669e+03 4.76858799e+03 2.73000000e+02 1.53448125e+03 1.72780000e+03 8.67116616e-01                                                 "" 
 82 6.501278935842e+06 5.492253624043e+04 1773568 45594672 14579753 87478518  1 10 16 15 16 16 13 19   4  400   94 3.14658685e-03 1.42713746e-02 -6.15357739e+03 4.76696266e+03 2.73000000e+02 1.53452826e+03 1.72780000e+03 8.67148930e-01                                                 "" 
 83 6.556021617900e+06 5.474268205723e+04 1773568 45594672 14579753 87478518  1 10 16 15 16 16 13 19   3  192   79 3.15000536e-03 1.43089714e-02 -6.09428017e+03 4.76330375e+03 2.73000000e+02 1.53457509e+03 1.72780000e+03 8.67181119e-01                                                 "" 
 84 6.610620675276e+06 5.459905737659e+04 1773568 45594672 14579753 87478518  1 10 16 15 16 16 13 19   4  422   94 3.15339636e-03 1.43544448e-02 -6.02990931e+03 4.75814472e+03 2.73000000e+02 1.53462182e+03 1.72780000e+03 8.67213240e-01                                                 "" 
 85 6.665046985723e+06 5.442631044655e+04 1773568 45594672 14579753 87478518  1 10 16 15 16 16 13 19   3  241   82 3.15668344e-03 1.43990673e-02 -5.95786155e+03 4.75187800e+03 2.73000000e+02 1.53466841e+03 1.72780000e+03 8.67245264e-01                                                 "" 
 86 6.719305032276e+06 5.425804655331e+04 1773568 45594672 14579753 87478518  1 10 16 15 16 16 13 19   3  228   74 3.15977914e-03 1.44254132e-02 -5.87596916e+03 4.74675747e+03 2.73000000e+02 1.53469219e+03 1.72780000e+03 8.67261607e-01                                                 "" 
 87 6.773465088986e+06 5.416005670957e+04 1773568 45594672 14579753 87478518  1 10 16 14 16 16 13 19   3  237   81 3.16274372e-03 1.44417477e-02 -5.82508465e+03 4.74488442e+03 2.73000000e+02 1.53473849e+03 1.72780000e+03 8.67293437e-01                                                 "" 
 88 6.827566400160e+06 5.410131117453e+04 1773568 45594672 14579753 87478518  1 10 16 14 16 16 13 19   4  203   99 3.16563515e-03 1.44778934e-02 -5.81247508e+03 4.74225522e+03 2.73000000e+02 1.53478480e+03 1.72780000e+03 8.67325271e-01                                                 "" 
 89 6.881535512512e+06 5.396911235153e+04 1773568 45594672 14579753 87478518  1 10 16 14 16 16 14 19   3  189   83 3.16855646e-03 1.45199576e-02 -5.79538310e+03 4.73886672e+03 2.73000000e+02 1.53483090e+03 1.72780000e+03 8.67356955e-01                                                 "" 
 90 6.935347774569e+06 5.381226205731e+04 1773568 45594672 14579753 87478518  1  9 16 14 16 16 13 18   4  268  100 3.17121974e-03 1.45454212e-02 -5.77390756e+03 4.73485154e+03 2.73000000e+02 1.53487703e+03 1.72780000e+03 8.67388665e-01                                                 "" 
 91 6.989065639788e+06 5.371786521912e+04 1773568 45594672 14579753 87478518  1  9 16 14 16 16 13 18   3  203   84 3.17373999e-03 1.45421569e-02 -5.74676254e+03 4.73019656e+03 2.73000000e+02 1.53489933e+03 1.72780000e+03 8.67403996e-01                                                 "" 
 92 7.042795694716e+06 5.373005492811e+04 1773568 45594672 14579753 87478518  1 10 15 14 16 16 13 18   3  225   82 3.17598030e-03 1.45310172e-02 -5.71266355e+03 4.72527564e+03 2.73000000e+02 1.53494538e+03 1.72780000e+03 8.67435647e-01 output-HeronTectonics19-M1/solution/solution-00007 
 93 7.096566953004e+06 5.377125828768e+04 1773568 45594672 14579753 87478518  1 10 15 14 16 16 13 18   3  172   84 3.17828689e-03 1.45375584e-02 -5.67132052e+03 4.72001694e+03 2.73000000e+02 1.53499125e+03 1.72780000e+03 8.67467179e-01                                                 "" 
 94 7.150314311548e+06 5.374735854449e+04 1773568 45594672 14579753 87478518  1 10 15 15 16 16 13 18   3  242   74 3.18043366e-03 1.45507788e-02 -5.62414338e+03 4.71472335e+03 2.73000000e+02 1.53503724e+03 1.72780000e+03 8.67498789e-01                                                 "" 
 95 7.204010858444e+06 5.369654689524e+04 1773568 45594672 14579753 87478518  1 10 15 15 16 16 13 18   5  294  110 3.18258666e-03 1.45455956e-02 -5.56944585e+03 4.70947771e+03 2.73000000e+02 1.53508297e+03 1.72780000e+03 8.67530227e-01                                                 "" 
 96 7.257725264229e+06 5.371440578539e+04 1773568 45594672 14579753 87478518  1 10 15 15 16 16 14 18   4  267   95 3.18435291e-03 1.45050651e-02 -5.50824934e+03 4.70452971e+03 2.73000000e+02 1.53510479e+03 1.72780000e+03 8.67545225e-01                                                 "" 
 97 7.311586019609e+06 5.386075537978e+04 1773568 45594672 14579753 87478518  1 10 16 15 16 16 13 19   4  238   92 3.18622955e-03 1.44726937e-02 -5.53061193e+03 4.69975149e+03 2.73000000e+02 1.53515070e+03 1.72780000e+03 8.67576782e-01                                                 "" 
 98 7.365566908910e+06 5.398088930104e+04 1773568 45594672 14579753 87478518  1 10 16 15 16 16 13 19   4  256   92 3.18815130e-03 1.44636224e-02 -5.55123848e+03 4.69519995e+03 2.73000000e+02 1.53519688e+03 1.72780000e+03 8.67608526e-01                                                 "" 
 99 7.419581833871e+06 5.401492496157e+04 1773568 45594672 14579753 87478518  1 10 16 15 16 16 13 19   5  333  107 3.18991985e-03 1.44552230e-02 -5.56620026e+03 4.69056697e+03 2.73000000e+02 1.53524315e+03 1.72780000e+03 8.67640326e-01                                                 "" 
100 7.473628343273e+06 5.404650940158e+04 1773568 45594672 14579753 87478518  1 10 16 15 16 16 13 19   5  354  101 3.19165103e-03 1.44265423e-02 -5.57663851e+03 4.68536875e+03 2.73000000e+02 1.53528920e+03 1.72780000e+03 8.67671979e-01                                                 "" 
101 7.527782431318e+06 5.415408804514e+04 1773568 45594672 14579753 87478518  1 10 16 15 16 16 13 19   4  383   88 3.19326511e-03 1.43920036e-02 -5.58328069e+03 4.67953875e+03 2.73000000e+02 1.53531053e+03 1.72780000e+03 8.67686643e-01                                                 "" 
102 7.582066047357e+06 5.428361603866e+04 1773568 45594672 14579753 87478518  1 10 16 15 16 16 13 19   6  378  119 3.19499190e-03 1.43935570e-02 -5.58588480e+03 4.67356677e+03 2.73000000e+02 1.53535666e+03 1.72780000e+03 8.67718356e-01                                                 "" 
103 7.636343805048e+06 5.427775769134e+04 1773568 45594672 14579753 87478518  1 10 15 15 16 16 14 19   4  294   92 3.19693862e-03 1.44240203e-02 -5.58430242e+03 4.66745683e+03 2.73000000e+02 1.53540273e+03 1.72780000e+03 8.67750022e-01                                                 "" 
104 7.690506929105e+06 5.416312405680e+04 1773568 45594672 14579753 87478518  2 10 15 15 16 16 14 18   9  723  190 3.19870241e-03 1.44423281e-02 -5.57960598e+03 4.66164488e+03 2.73000000e+02 1.53544905e+03 1.72780000e+03 8.67781857e-01                                                 "" 
105 7.744601393165e+06 5.409446406046e+04 1773568 45594672 14579753 87478518  1 10 16 14 16 16 13 18   3  315   76 3.20033667e-03 1.44480725e-02 -5.57300625e+03 4.65580346e+03 2.73000000e+02 1.53549512e+03 1.72780000e+03 8.67813528e-01                                                 "" 
106 7.798675141778e+06 5.407374861289e+04 1773568 45594672 14579753 87478518  1 10 16 14 16 16 14 18   3  344   74 3.20191504e-03 1.44502701e-02 -5.56170809e+03 4.64992274e+03 2.73000000e+02 1.53551612e+03 1.72780000e+03 8.67827964e-01                                                 "" 
107 7.852741644930e+06 5.406650315191e+04 1773568 45594672 14579753 87478518  1 10 16 14 16 16 14 18   5  486  108 3.20390973e-03 1.44603896e-02 -5.54894243e+03 4.64437592e+03 2.73000000e+02 1.53556211e+03 1.72780000e+03 8.67859576e-01                                                 "" 
108 7.906769715026e+06 5.402807009581e+04 1773568 45594672 14579753 87478518  1  9 16 14 15 16 13 18   4  376   91 3.20572796e-03 1.44452328e-02 -5.53649008e+03 4.63983937e+03 2.73000000e+02 1.53560816e+03 1.72780000e+03 8.67891232e-01                                                 "" 
109 7.960854368887e+06 5.408465386078e+04 1773568 45594672 14579753 87478518  1 10 15 14 15 16 14 18   4  373   90 3.20762013e-03 1.44115204e-02 -5.52147158e+03 4.63589311e+03 2.73000000e+02 1.53565413e+03 1.72780000e+03 8.67922830e-01                                                 "" 
110 8.015065640794e+06 5.421127190697e+04 1773568 45594672 14579753 87478518  1  9 15 15 16 16 14 18   4  339   91 3.20945819e-03 1.43729458e-02 -5.50273422e+03 4.63302006e+03 2.73000000e+02 1.53570023e+03 1.72780000e+03 8.67954519e-01 output-HeronTectonics19-M1/solution/solution-00008 
111 8.069422335109e+06 5.435669431537e+04 1773568 45594672 14579753 87478518  1  9 15 15 16 16 14 18   4  333   88 3.21123344e-03 1.43438652e-02 -5.48040082e+03 4.63114708e+03 2.73000000e+02 1.53572051e+03 1.72780000e+03 8.67968459e-01                                                 "" 
112 8.123892507304e+06 5.447017219527e+04 1773568 45594672 14579753 87478518  1  9 15 15 16 16 14 18   4  400   90 3.21303623e-03 1.43238759e-02 -5.45597737e+03 4.63012655e+03 2.73000000e+02 1.53576679e+03 1.72780000e+03 8.68000270e-01                                                 "" 
113 8.178445961395e+06 5.455345409030e+04 1773568 45594672 14579753 87478518  1  9 15 15 16 16 13 18   5  407   99 3.21449589e-03 1.42985898e-02 -5.43804089e+03 4.62961885e+03 2.73000000e+02 1.53581306e+03 1.72780000e+03 8.68032075e-01                                                 "" 
114 8.233100417029e+06 5.465445563429e+04 1773568 45594672 14579753 87478518  1 10 15 15 16 16 14 18   5  529  103 3.21563713e-03 1.42688194e-02 -5.42741197e+03 4.62893922e+03 2.73000000e+02 1.53585912e+03 1.72780000e+03 8.68063736e-01                                                 "" 
115 8.287867650707e+06 5.476723367756e+04 1773568 45594672 14579753 87478518  1 10 15 15 16 16 13 18   4  423   87 3.21699434e-03 1.42411713e-02 -5.44434493e+03 4.62760569e+03 2.73000000e+02 1.53590509e+03 1.72780000e+03 8.68095330e-01                                                 "" 
116 8.342739353222e+06 5.487170251535e+04 1773568 45594672 14579753 87478518  1 10 15 15 16 16 13 18   6  514  118 3.21862150e-03 1.42306313e-02 -5.46272233e+03 4.62552202e+03 2.73000000e+02 1.53592443e+03 1.72780000e+03 8.68108627e-01                                                 "" 
117 8.397650243344e+06 5.491089012229e+04 1773568 45594672 14579753 87478518  1 10 15 15 16 16 14 18   5  483  102 3.22027831e-03 1.42065279e-02 -5.46869308e+03 4.62347744e+03 2.73000000e+02 1.53597077e+03 1.72780000e+03 8.68140480e-01                                                 "" 
118 8.452652816938e+06 5.500257359415e+04 1773568 45594672 14579753 87478518  1 10 15 15 16 17 14 18   4  377   89 3.22198721e-03 1.41755744e-02 -5.46467134e+03 4.62074202e+03 2.73000000e+02 1.53601728e+03 1.72780000e+03 8.68172446e-01                                                 "" 
119 8.507773818428e+06 5.512100148956e+04 1773568 45594672 14579753 87478518  1 10 15 15 16 17 14 18   5  425  103 3.22354599e-03 1.41403619e-02 -5.45886085e+03 4.61820972e+03 2.73000000e+02 1.53606398e+03 1.72780000e+03 8.68204551e-01                                                 "" 
120 8.563030363244e+06 5.525654481584e+04 1773568 45594672 14579753 87478518  1 10 15 15 16 16 14 18   6  467  116 3.22556213e-03 1.41048553e-02 -5.43602341e+03 4.61504652e+03 2.73000000e+02 1.53611074e+03 1.72780000e+03 8.68236689e-01                                                 "" 
121 8.618424347826e+06 5.539398458259e+04 1773568 45594672 14579753 87478518  1 10 15 15 16 17 14 18   5  449  102 3.22725909e-03 1.40510578e-02 -5.41321853e+03 4.61267593e+03 2.73000000e+02 1.53613022e+03 1.72780000e+03 8.68250081e-01                                                 "" 
122 8.674028101115e+06 5.560375328897e+04 1773568 45594672 14579753 87478518  1 10 15 15 16 16 13 18   4  342   92 3.22893947e-03 1.40004990e-02 -5.38652905e+03 4.61002242e+03 2.73000000e+02 1.53617725e+03 1.72780000e+03 8.68282409e-01                                                 "" 
123 8.729830560143e+06 5.580245902752e+04 1773568 45594672 14579753 87478518  1 10 15 15 16 16 13 18   4  319   90 3.23010155e-03 1.39484015e-02 -5.36637074e+03 4.60775052e+03 2.73000000e+02 1.53622464e+03 1.72780000e+03 8.68314982e-01                                                 "" 
124 8.785839879441e+06 5.600931929860e+04 1773568 45594672 14579753 87478518  1 10 15 15 16 16 14 18   3  305   77 3.23154797e-03 1.39123264e-02 -5.34047314e+03 4.60490265e+03 2.73000000e+02 1.53627176e+03 1.72780000e+03 8.68347376e-01                                                 "" 
125 8.841992989063e+06 5.615310962143e+04 1773568 45594672 14579753 87478518  1 10 15 15 16 17 14 18   6  564  122 3.23178144e-03 1.38398759e-02 -5.31506560e+03 4.60188632e+03 2.73000000e+02 1.53631886e+03 1.72780000e+03 8.68379748e-01                                                 "" 
126 8.898439661038e+06 5.644667197531e+04 1773568 45594672 14579753 87478518  1 10 15 14 16 17 14 18   5  566  107 3.23276860e-03 1.38077568e-02 -5.28265177e+03 4.59696794e+03 2.73000000e+02 1.53633607e+03 1.72780000e+03 8.68391577e-01                                                 "" 
127 8.955018400233e+06 5.657873919464e+04 1773568 45594672 14579753 87478518  1 10 15 14 16 16 14 18   5  444  109 3.23412352e-03 1.37894402e-02 -5.25215769e+03 4.59143938e+03 2.73000000e+02 1.53638345e+03 1.72780000e+03 8.68424147e-01                                                 "" 
128 9.011674393913e+06 5.665599367966e+04 1773568 45594672 14579753 87478518  1 10 15 14 16 16 14 18   5  576  104 3.23610933e-03 1.37858881e-02 -5.22335578e+03 4.58516443e+03 2.73000000e+02 1.53643064e+03 1.72780000e+03 8.68456588e-01 output-HeronTectonics19-M1/solution/solution-00009 
129 9.068346922012e+06 5.667252809996e+04 1773568 45594672 14579753 87478518  1 10 15 15 16 16 14 18   4  382   92 3.23802150e-03 1.37742053e-02 -5.20659421e+03 4.57922545e+03 2.73000000e+02 1.53647805e+03 1.72780000e+03 8.68489171e-01                                                 "" 
130 9.125068825875e+06 5.672190386250e+04 1773568 45594672 14579753 87478518  1 10 15 15 16 16 14 18   6  591  125 3.24011812e-03 1.37799799e-02 -5.19361451e+03 4.57362444e+03 2.73000000e+02 1.53652562e+03 1.72780000e+03 8.68521869e-01                                                 "" 
131 9.181767512013e+06 5.669868613810e+04 1773568 45594672 14579753 87478518  1 10 15 15 16 16 14 18   6  544  117 3.24192777e-03 1.37700249e-02 -5.21618274e+03 4.56902336e+03 2.73000000e+02 1.53654376e+03 1.72780000e+03 8.68534344e-01                                                 "" 
132 9.238509255104e+06 5.674174309065e+04 1773568 45594672 14579753 87478518  1 10 15 15 16 16 14 18   7  549  139 3.24379031e-03 1.37487994e-02 -5.24343499e+03 4.56477325e+03 2.73000000e+02 1.53659174e+03 1.72780000e+03 8.68567319e-01                                                 "" 
133 9.295338596611e+06 5.682934150724e+04 1773568 45594672 14579753 87478518  1 10 15 15 16 16 14 18   4  315   89 3.24542828e-03 1.37034328e-02 -5.27674069e+03 4.56091871e+03 2.73000000e+02 1.53663951e+03 1.72780000e+03 8.68600158e-01                                                 "" 
134 9.352350629758e+06 5.701203314678e+04 1773568 45594672 14579753 87478518  1 10 16 15 16 16 14 19   4  321   88 3.24618178e-03 1.36454448e-02 -5.31314734e+03 4.55683573e+03 2.73000000e+02 1.53668753e+03 1.72780000e+03 8.68633165e-01                                                 "" 
135 9.409605293539e+06 5.725466378099e+04 1773568 45594672 14579753 87478518  1 10 15 15 16 17 14 19   4  419   88 3.24724251e-03 1.35975897e-02 -5.38693865e+03 4.55181008e+03 2.73000000e+02 1.53673489e+03 1.72780000e+03 8.68665719e-01                                                 "" 
136 9.467061747783e+06 5.745645424450e+04 1773568 45594672 14579753 87478518  1 10 15 15 16 17 14 19   5  447  104 3.24831342e-03 1.35424528e-02 -5.45344608e+03 4.54637653e+03 2.73000000e+02 1.53674963e+03 1.72780000e+03 8.68675849e-01                                                 "" 
137 9.524752616368e+06 5.769086858458e+04 1773568 45594672 14579753 87478518  1 10 15 15 16 17 14 19   4  373   91 3.24948224e-03 1.34753356e-02 -5.49577525e+03 4.54117189e+03 2.73000000e+02 1.53679741e+03 1.72780000e+03 8.68708695e-01                                                 "" 
138 9.582731487380e+06 5.797887101226e+04 1773568 45594672 14579753 87478518  1 10 15 15 16 17 14 19   5  438  109 3.25064191e-03 1.34078177e-02 -5.51295813e+03 4.53612981e+03 2.73000000e+02 1.53684552e+03 1.72780000e+03 8.68741764e-01                                                 "" 
139 9.641000698650e+06 5.826921126990e+04 1773568 45594672 14579753 87478518  1 10 15 15 16 17 14 18   4  372   90 3.25176037e-03 1.33472357e-02 -5.51149836e+03 4.53142899e+03 2.73000000e+02 1.53689371e+03 1.72780000e+03 8.68774891e-01                                                 "" 
140 9.699533745834e+06 5.853304718434e+04 1773568 45594672 14579753 87478518  1 10 15 15 16 17 14 18   4  389   95 3.25268253e-03 1.32982493e-02 -5.50056376e+03 4.52683124e+03 2.73000000e+02 1.53694220e+03 1.72780000e+03 8.68808223e-01                                                 "" 
141 9.758282079985e+06 5.874833415082e+04 1773568 45594672 14579753 87478518  1 10 15 15 16 17 14 18   3  255   74 3.25340471e-03 1.32423663e-02 -5.49511658e+03 4.52241931e+03 2.73000000e+02 1.53695820e+03 1.72780000e+03 8.68819218e-01                                                 "" 
142 9.817278395506e+06 5.899631552087e+04 1773568 45594672 14579753 87478518  1 10 15 15 16 17 14 18   5  454  106 3.25381356e-03 1.32432514e-02 -5.50285511e+03 4.51772509e+03 2.73000000e+02 1.53700697e+03 1.72780000e+03 8.68852743e-01                                                 "" 
143 9.876276229141e+06 5.899783363515e+04 1773568 45594672 14579753 87478518  1 10 15 15 16 17 14 18   3  438   71 3.25463583e-03 1.32611003e-02 -5.50870246e+03 4.51158308e+03 2.73000000e+02 1.53705549e+03 1.72780000e+03 8.68886094e-01                                                 "" 
144 9.935196004521e+06 5.891977538010e+04 1773568 45594672 14579753 87478518  1 10 15 15 16 17 14 18   4  473   92 3.25585046e-03 1.32929414e-02 -5.51309859e+03 4.50522513e+03 2.73000000e+02 1.53710400e+03 1.72780000e+03 8.68919441e-01                                                 "" 
145 9.993973986965e+06 5.877798244425e+04 1773568 45594672 14579753 87478518  1 10 15 15 16 17 14 18   3  267   73 3.25696899e-03 1.33218341e-02 -5.50718051e+03 4.49934630e+03 2.73000000e+02 1.53715242e+03 1.72780000e+03 8.68952719e-01                                                 "" 
146 1.005261845670e+07 5.864446973277e+04 1773568 45594672 14579753 87478518  1 10 16 15 16 17 14 18   5  541  103 3.25825910e-03 1.33588003e-02 -5.49704323e+03 4.49399644e+03 2.73000000e+02 1.53716802e+03 1.72780000e+03 8.68963448e-01 output-HeronTectonics19-M1/solution/solution-00010 
147 1.011110050488e+07 5.848204818344e+04 1773568 45594672 14579753 87478518  1 10 16 15 16 17 14 18   4  498   85 3.25960676e-03 1.33850439e-02 -5.47722805e+03 4.48829495e+03 2.73000000e+02 1.53721644e+03 1.72780000e+03 8.68996725e-01                                                 "" 
148 1.016946788905e+07 5.836738416871e+04 1773568 45594672 14579753 87478518  1 10 16 15 16 17 14 18   3  358   71 3.26081174e-03 1.33919695e-02 -5.43681787e+03 4.48293483e+03 2.73000000e+02 1.53726449e+03 1.72780000e+03 8.69029756e-01                                                 "" 
149 1.022780558059e+07 5.833769153784e+04 1773568 45594672 14579753 87478518  1 10 16 15 16 17 14 18   4  302   86 3.26152653e-03 1.33967095e-02 -5.40743271e+03 4.47825593e+03 2.73000000e+02 1.53731270e+03 1.72780000e+03 8.69062899e-01                                                 "" 
150 1.028612250660e+07 5.831692601307e+04 1773568 45594672 14579753 87478518  1 10 16 15 16 17 14 18   3  322   76 3.26226094e-03 1.33985606e-02 -5.37005751e+03 4.47344755e+03 2.73000000e+02 1.53736084e+03 1.72780000e+03 8.69095985e-01                                                 "" 
151 1.034443115513e+07 5.830864852896e+04 1773568 45594672 14579753 87478518  1 10 15 15 16 17 14 18   3  293   71 3.26349362e-03 1.34043842e-02 -5.32082554e+03 4.46820807e+03 2.73000000e+02 1.53737345e+03 1.72780000e+03 8.69104657e-01                                                 "" 
152 1.040271415495e+07 5.828299981746e+04 1773568 45594672 14579753 87478518  1 10 15 15 16 17 14 18   5  377  106 3.26413199e-03 1.33825739e-02 -5.26420762e+03 4.46302460e+03 2.73000000e+02 1.53742096e+03 1.72780000e+03 8.69137313e-01                                                 "" 
153 1.046109461778e+07 5.838046283461e+04 1773568 45594672 14579753 87478518  1 10 15 15 16 17 14 18   6  542  120 3.26488569e-03 1.33696022e-02 -5.20626019e+03 4.45710722e+03 2.73000000e+02 1.53746807e+03 1.72780000e+03 8.69169693e-01                                                 "" 
154 1.051952980532e+07 5.843518753711e+04 1773568 45594672 14579753 87478518  1 10 15 15 16 17 14 18   6  509  120 3.26540411e-03 1.33600155e-02 -5.14909615e+03 4.45169717e+03 2.73000000e+02 1.53751553e+03 1.72780000e+03 8.69202316e-01                                                 "" 
155 1.057800652902e+07 5.847672369978e+04 1773568 45594672 14579753 87478518  1 10 15 15 16 17 14 18   3  222   76 3.26632859e-03 1.33678432e-02 -5.09997861e+03 4.44623063e+03 2.73000000e+02 1.53756287e+03 1.72780000e+03 8.69234860e-01                                                 "" 
156 1.063644901193e+07 5.844248290767e+04 1773568 45594672 14579753 87478518  1 10 15 15 16 17 14 18   3  282   74 3.26693727e-03 1.33617387e-02 -5.11613286e+03 4.44102148e+03 2.73000000e+02 1.53757659e+03 1.72780000e+03 8.69244291e-01                                                 "" 
157 1.069491819358e+07 5.846918165334e+04 1773568 45594672 14579753 87478518  1 10 15 15 16 17 14 18   3  381   73 3.26759340e-03 1.33463634e-02 -5.18699773e+03 4.43515226e+03 2.73000000e+02 1.53762423e+03 1.72780000e+03 8.69277032e-01                                                 "" 
158 1.075345473089e+07 5.853653730492e+04 1773568 45594672 14579753 87478518  1 10 15 15 16 17 14 18   3  284   76 3.26860069e-03 1.33787857e-02 -5.29180785e+03 4.42879935e+03 2.73000000e+02 1.53767122e+03 1.72780000e+03 8.69309337e-01                                                 "" 
159 1.081185600443e+07 5.840127354377e+04 1773568 45594672 14579753 87478518  1 10 15 15 16 17 14 18   2  221   59 3.26927865e-03 1.34014601e-02 -5.40774446e+03 4.42221022e+03 2.73000000e+02 1.53771843e+03 1.72780000e+03 8.69341783e-01                                                 "" 
160 1.087015893213e+07 5.830292770535e+04 1773568 45594672 14579753 87478518  1 10 15 15 16 17 14 18   3  338   73 3.27002701e-03 1.34224517e-02 -5.50305485e+03 4.41577743e+03 2.73000000e+02 1.53776545e+03 1.72780000e+03 8.69374108e-01                                                 "" 
161 1.092837260644e+07 5.821367430261e+04 1773568 45594672 14579753 87478518  1 10 15 15 16 17 14 18   3  304   76 3.27081788e-03 1.34385686e-02 -5.58274699e+03 4.40945420e+03 2.73000000e+02 1.53777743e+03 1.72780000e+03 8.69382342e-01                                                 "" 
162 1.098651778465e+07 5.814517821097e+04 1773568 45594672 14579753 87478518  1 10 15 15 16 17 14 18   6  477  119 3.27213235e-03 1.34639730e-02 -5.63947975e+03 4.40320249e+03 2.73000000e+02 1.53782461e+03 1.72780000e+03 8.69414771e-01                                                 "" 
163 1.104455209180e+07 5.803430714884e+04 1773568 45594672 14579753 87478518  1 10 15 15 16 17 14 18   3  242   72 3.27297892e-03 1.34816548e-02 -5.67402329e+03 4.39735917e+03 2.73000000e+02 1.53787171e+03 1.72780000e+03 8.69447150e-01 output-HeronTectonics19-M1/solution/solution-00011 
164 1.110250875326e+07 5.795666146243e+04 1773568 45594672 14579753 87478518  1 10 15 15 16 17 14 18   5  500  101 3.27344370e-03 1.34869028e-02 -5.68817319e+03 4.39152209e+03 2.73000000e+02 1.53791858e+03 1.72780000e+03 8.69479367e-01                                                 "" 
165 1.116044098895e+07 5.793223569221e+04 1773568 45594672 14579753 87478518  1 10 15 15 16 17 14 18   4  484   87 3.27374056e-03 1.34902781e-02 -5.68794022e+03 4.38494903e+03 2.73000000e+02 1.53796470e+03 1.72780000e+03 8.69511065e-01                                                 "" 
166 1.121835989950e+07 5.791891055076e+04 1773568 45594672 14579753 87478518  1 10 15 15 16 17 14 18   3  369   74 3.27381059e-03 1.34902776e-02 -5.68406305e+03 4.37857274e+03 2.73000000e+02 1.53797485e+03 1.72780000e+03 8.69518044e-01                                                 "" 
167 1.127627772591e+07 5.791782640483e+04 1773568 45594672 14579753 87478518  1 10 15 15 16 17 14 18   5  544  102 3.27415014e-03 1.35137350e-02 -5.67230898e+03 4.37206315e+03 2.73000000e+02 1.53802080e+03 1.72780000e+03 8.69549628e-01                                                 "" 
168 1.133409514780e+07 5.781742189583e+04 1773568 45594672 14579753 87478518  1 10 15 15 16 17 14 18   3  448   72 3.27489800e-03 1.35769600e-02 -5.63672706e+03 4.36502732e+03 2.73000000e+02 1.53806653e+03 1.72780000e+03 8.69581060e-01                                                 "" 
169 1.139164331888e+07 5.754817107627e+04 1773568 45594672 14579753 87478518  1 10 15 15 16 17 14 18   3  397   74 3.27558684e-03 1.35501859e-02 -5.58597971e+03 4.35819666e+03 2.73000000e+02 1.53811203e+03 1.72780000e+03 8.69612337e-01                                                 "" 
170 1.144930561057e+07 5.766229168679e+04 1773568 45594672 14579753 87478518  1 10 15 15 16 17 14 18   3  321   73 3.27599953e-03 1.35469928e-02 -5.51401938e+03 4.35166068e+03 2.73000000e+02 1.53815758e+03 1.72780000e+03 8.69643650e-01                                                 "" 
171 1.150697554962e+07 5.766993905210e+04 1773568 45594672 14579753 87478518  1 10 15 15 16 17 14 18   4  330   84 3.27644969e-03 1.35725006e-02 -5.43016424e+03 4.34559417e+03 2.73000000e+02 1.53816928e+03 1.72780000e+03 8.69651690e-01                                                 "" 
172 1.156453793882e+07 5.756238919922e+04 1773568 45594672 14579753 87478518  1 10 15 15 16 17 14 18   5  427  100 3.27742653e-03 1.36146247e-02 -5.33602728e+03 4.33999908e+03 2.73000000e+02 1.53821512e+03 1.72780000e+03 8.69683204e-01                                                 "" 
173 1.162192251115e+07 5.738457233721e+04 1773568 45594672 14579753 87478518  1 10 16 15 16 17 14 18   5  372  101 3.27854322e-03 1.36450853e-02 -5.24174567e+03 4.33464872e+03 2.73000000e+02 1.53826063e+03 1.72780000e+03 8.69714483e-01                                                 "" 
174 1.167917883167e+07 5.725632051368e+04 1773568 45594672 14579753 87478518  1 10 16 15 15 17 14 18   4  358   91 3.27931743e-03 1.36573496e-02 -5.15198708e+03 4.32964184e+03 2.73000000e+02 1.53830599e+03 1.72780000e+03 8.69745666e-01                                                 "" 
175 1.173638262357e+07 5.720379189971e+04 1773568 45594672 14579753 87478518  1 10 16 15 15 17 14 18   6  526  115 3.27972941e-03 1.36700973e-02 -5.07327369e+03 4.32458951e+03 2.73000000e+02 1.53835097e+03 1.72780000e+03 8.69776584e-01                                                 "" 
176 1.179353270710e+07 5.715008353507e+04 1773568 45594672 14579753 87478518  1 10 16 15 15 17 14 18   3  230   70 3.28025127e-03 1.36826762e-02 -5.04349887e+03 4.31891444e+03 2.73000000e+02 1.53835982e+03 1.72780000e+03 8.69782661e-01                                                 "" 
177 1.185063121779e+07 5.709851069214e+04 1773568 45594672 14579753 87478518  1 10 16 15 15 17 14 18   6  584  114 3.27959464e-03 1.36558563e-02 -5.08379759e+03 4.31246821e+03 2.73000000e+02 1.53840422e+03 1.72780000e+03 8.69813187e-01                                                 "" 
178 1.190784260059e+07 5.721138279610e+04 1773568 45594672 14579753 87478518  1 10 16 15 15 17 14 18   4  375   86 3.27900962e-03 1.36320699e-02 -5.14820096e+03 4.30469610e+03 2.73000000e+02 1.53844822e+03 1.72780000e+03 8.69843430e-01                                                 "" 
179 1.196515350747e+07 5.731090687407e+04 1773568 45594672 14579753 87478518  1 10 16 15 16 17 14 18   2  217   57 3.27961123e-03 1.36465704e-02 -5.20156264e+03 4.29609248e+03 2.73000000e+02 1.53849231e+03 1.72780000e+03 8.69873738e-01                                                 "" 
180 1.202240232373e+07 5.724881626740e+04 1773568 45594672 14579753 87478518  1 10 16 15 16 17 14 18   3  439   71 3.28006655e-03 1.36399789e-02 -5.23862954e+03 4.28760889e+03 2.73000000e+02 1.53853663e+03 1.72780000e+03 8.69904200e-01 output-HeronTectonics19-M1/solution/solution-00012 
181 1.207967880543e+07 5.727648170137e+04 1773568 45594672 14579753 87478518  1  9 16 15 16 17 14 18   3  398   72 3.28115353e-03 1.36358228e-02 -5.26007732e+03 4.27913915e+03 2.73000000e+02 1.53854747e+03 1.72780000e+03 8.69911651e-01                                                 "" 
182 1.213697274452e+07 5.729393908843e+04 1773568 45594672 14579753 87478518  1 10 16 15 16 17 14 18   5  458  100 3.28176847e-03 1.36413191e-02 -5.27023900e+03 4.27210212e+03 2.73000000e+02 1.53859222e+03 1.72780000e+03 8.69942411e-01                                                 "" 
183 1.219424465904e+07 5.727191451939e+04 1773568 45594672 14579753 87478518  1 10 16 15 16 17 14 18   6  590  114 3.28284493e-03 1.36649736e-02 -5.26711092e+03 4.26579654e+03 2.73000000e+02 1.53863705e+03 1.72780000e+03 8.69973227e-01                                                 "" 
184 1.225142058673e+07 5.717592769192e+04 1773568 45594672 14579753 87478518  1 10 16 15 16 17 14 18   4  365   85 3.28352198e-03 1.36755840e-02 -5.26203455e+03 4.26055675e+03 2.73000000e+02 1.53868190e+03 1.72780000e+03 8.70004052e-01                                                 "" 
185 1.230855143141e+07 5.713084467146e+04 1773568 45594672 14579753 87478518  1 10 15 15 16 17 13 18   3  264   71 3.28355326e-03 1.36640553e-02 -5.27778935e+03 4.25543736e+03 2.73000000e+02 1.53872644e+03 1.72780000e+03 8.70034672e-01                                                 "" 
186 1.236573019398e+07 5.717876257035e+04 1773568 45594672 14579753 87478518  1 10 15 15 16 17 13 18   5  522   98 3.28331924e-03 1.36765683e-02 -5.29139965e+03 4.25009869e+03 2.73000000e+02 1.53873481e+03 1.72780000e+03 8.70040426e-01                                                 "" 
187 1.242285692161e+07 5.712672763007e+04 1773568 45594672 14579753 87478518  1 10 15 14 16 17 13 18   3  391   71 3.28357519e-03 1.36849990e-02 -5.29704765e+03 4.24378515e+03 2.73000000e+02 1.53877842e+03 1.72780000e+03 8.70070398e-01                                                 "" 
188 1.247994814198e+07 5.709122036952e+04 1773568 45594672 14579753 87478518  1 10 15 14 16 17 13 18   5  518  101 3.28369079e-03 1.36750650e-02 -5.29196202e+03 4.23689012e+03 2.73000000e+02 1.53882193e+03 1.72780000e+03 8.70100311e-01                                                 "" 
189 1.253707842791e+07 5.713028593213e+04 1773568 45594672 14579753 87478518  1 10 16 14 16 17 13 18   5  411   99 3.28399422e-03 1.36599430e-02 -5.27550524e+03 4.22937540e+03 2.73000000e+02 1.53886502e+03 1.72780000e+03 8.70129928e-01                                                 "" 
190 1.259427191178e+07 5.719348386864e+04 1773568 45594672 14579753 87478518  1 10 16 14 16 17 14 18   4  445   88 3.28419792e-03 1.36466338e-02 -5.24608848e+03 4.22137324e+03 2.73000000e+02 1.53890842e+03 1.72780000e+03 8.70159763e-01                                                 "" 
191 1.265152167339e+07 5.724976161295e+04 1773568 45594672 14579753 87478518  1  9 16 15 16 17 14 18   5  458  102 3.28479758e-03 1.36438635e-02 -5.20798301e+03 4.21350178e+03 2.73000000e+02 1.53891695e+03 1.72780000e+03 8.70165627e-01                                                 "" 
192 1.270878234971e+07 5.726067631641e+04 1773568 45594672 14579753 87478518  1  9 16 15 16 17 14 18   5  332  101 3.28544279e-03 1.36372404e-02 -5.15919372e+03 4.20601323e+03 2.73000000e+02 1.53896096e+03 1.72780000e+03 8.70195876e-01                                                 "" 
193 1.276607027372e+07 5.728792401632e+04 1773568 45594672 14579753 87478518  1  9 16 15 16 17 13 18   3  238   73 3.28592786e-03 1.36339066e-02 -5.14276651e+03 4.19878146e+03 2.73000000e+02 1.53900491e+03 1.72780000e+03 8.70226086e-01                                                 "" 
194 1.282337256262e+07 5.730228889875e+04 1773568 45594672 14579753 87478518  1  9 16 15 15 17 13 18   5  521  103 3.28635245e-03 1.36290542e-02 -5.14750856e+03 4.19209360e+03 2.73000000e+02 1.53904892e+03 1.72780000e+03 8.70256336e-01                                                 "" 
195 1.288069495560e+07 5.732239298003e+04 1773568 45594672 14579753 87478518  1  9 16 15 15 17 14 18   3  391   74 3.28690789e-03 1.36263053e-02 -5.14530625e+03 4.18518566e+03 2.73000000e+02 1.53909251e+03 1.72780000e+03 8.70286298e-01                                                 "" 
196 1.293802891234e+07 5.733395673723e+04 1773568 45594672 14579753 87478518  1 10 16 15 15 17 13 18   5  472  104 3.28654254e-03 1.36167545e-02 -5.14156117e+03 4.17855540e+03 2.73000000e+02 1.53909918e+03 1.72780000e+03 8.70290883e-01                                                 "" 
197 1.299540364825e+07 5.737473590913e+04 1773568 45594672 14579753 87478518  1 10 16 15 15 17 14 18   3  337   73 3.28659955e-03 1.36073531e-02 -5.13981150e+03 4.17158708e+03 2.73000000e+02 1.53914178e+03 1.72780000e+03 8.70320166e-01                                                 "" 
198 1.305281797592e+07 5.741432767535e+04 1773568 45594672 14579753 87478518  1 10 16 15 15 17 13 18   6  566  117 3.28607726e-03 1.35939949e-02 -5.12504458e+03 4.16484514e+03 2.73000000e+02 1.53918474e+03 1.72780000e+03 8.70349698e-01 output-HeronTectonics19-M1/solution/solution-00013 
199 1.311028919957e+07 5.747122364309e+04 1773568 45594672 14579753 87478518  1 10 16 15 16 17 13 18   4  467   87 3.28566951e-03 1.35771518e-02 -5.12923184e+03 4.15789592e+03 2.73000000e+02 1.53922738e+03 1.72780000e+03 8.70379006e-01                                                 "" 
200 1.316783381337e+07 5.754461380822e+04 1773568 45594672 14579753 87478518  1 10 16 14 16 17 14 18   2  260   60 3.28597245e-03 1.35493082e-02 -5.19378928e+03 4.15078457e+03 2.73000000e+02 1.53926995e+03 1.72780000e+03 8.70408271e-01                                                 "" 
201 1.322549815789e+07 5.766434451331e+04 1773568 45594672 14579753 87478518  1  9 16 14 16 16 14 18   4  509   86 3.28605162e-03 1.35105250e-02 -5.24611557e+03 4.14372945e+03 2.73000000e+02 1.53927746e+03 1.72780000e+03 8.70413430e-01                                                 "" 
202 1.328333332543e+07 5.783516754671e+04 1773568 45594672 14579753 87478518  1 10 16 14 16 16 14 18   3  404   75 3.28605948e-03 1.34764784e-02 -5.28366613e+03 4.13678298e+03 2.73000000e+02 1.53932012e+03 1.72780000e+03 8.70442755e-01                                                 "" 
203 1.334131355277e+07 5.798022733377e+04 1773568 45594672 14579753 87478518  1 10 15 14 16 16 14 18   3  258   72 3.28617186e-03 1.34525688e-02 -5.30568630e+03 4.13007529e+03 2.73000000e+02 1.53936294e+03 1.72780000e+03 8.70472191e-01                                                 "" 
204 1.339939589475e+07 5.808234198774e+04 1773568 45594672 14579753 87478518  1  9 15 14 16 16 14 18   5  461  103 3.28696310e-03 1.34251615e-02 -5.31131470e+03 4.12365640e+03 2.73000000e+02 1.53940607e+03 1.72780000e+03 8.70501836e-01                                                 "" 
205 1.345759502522e+07 5.819913046490e+04 1773568 45594672 14579753 87478518  1 10 15 14 16 16 14 18   4  384   87 3.28727220e-03 1.33916413e-02 -5.30029590e+03 4.11782903e+03 2.73000000e+02 1.53945005e+03 1.72780000e+03 8.70532064e-01                                                 "" 
206 1.351593947810e+07 5.834445288028e+04 1773568 45594672 14579753 87478518  1  9 15 14 16 16 14 18   6  492  114 3.28801374e-03 1.33658344e-02 -5.28230363e+03 4.11182233e+03 2.73000000e+02 1.53945801e+03 1.72780000e+03 8.70537536e-01                                                 "" 
207 1.357439350185e+07 5.845402375236e+04 1773568 45594672 14579753 87478518  1  9 15 14 16 16 14 18   3  392   72 3.28872412e-03 1.33453355e-02 -5.28820432e+03 4.10580618e+03 2.73000000e+02 1.53950147e+03 1.72780000e+03 8.70567414e-01                                                 "" 
208 1.363293754202e+07 5.854404016358e+04 1773568 45594672 14579753 87478518  1 10 15 14 16 16 13 18   4  549   86 3.28917015e-03 1.33723066e-02 -5.28273359e+03 4.09944006e+03 2.73000000e+02 1.53954529e+03 1.72780000e+03 8.70597533e-01                                                 "" 
209 1.369136285211e+07 5.842531009356e+04 1773568 45594672 14579753 87478518  1 10 15 14 16 16 13 18   2  265   55 3.28964756e-03 1.33940312e-02 -5.30428783e+03 4.09242247e+03 2.73000000e+02 1.53958839e+03 1.72780000e+03 8.70627158e-01                                                 "" 
210 1.374969606175e+07 5.833320963799e+04 1773568 45594672 14579753 87478518  1 10 15 14 16 16 13 18   3  391   70 3.28972166e-03 1.33663049e-02 -5.31360384e+03 4.08495096e+03 2.73000000e+02 1.53963120e+03 1.72780000e+03 8.70656585e-01                                                 "" 
211 1.380814859004e+07 5.845252829326e+04 1773568 45594672 14579753 87478518  1 10 15 14 16 16 13 18   3  356   72 3.28957785e-03 1.33194053e-02 -5.30528808e+03 4.07705889e+03 2.73000000e+02 1.53963530e+03 1.72780000e+03 8.70659402e-01                                                 "" 
212 1.386680396546e+07 5.865537542210e+04 1773568 45594672 14579753 87478518  1 10 15 14 16 16 13 18   5  431   99 3.28949795e-03 1.32914670e-02 -5.27777607e+03 4.06875692e+03 2.73000000e+02 1.53967788e+03 1.72780000e+03 8.70688673e-01                                                 "" 
213 1.392558902669e+07 5.878506122666e+04 1773568 45594672 14579753 87478518  1 10 15 14 15 16 13 18   3  281   69 3.28967689e-03 1.32936558e-02 -5.22829353e+03 4.06054042e+03 2.73000000e+02 1.53972040e+03 1.72780000e+03 8.70717901e-01                                                 "" 
214 1.398436399366e+07 5.877496697504e+04 1773568 45594672 14579753 87478518  1 10 15 14 15 16 13 18   5  435   93 3.28933230e-03 1.33005081e-02 -5.16020506e+03 4.05246429e+03 2.73000000e+02 1.53976303e+03 1.72780000e+03 8.70747202e-01                                                 "" 
215 1.404310886888e+07 5.874487521423e+04 1773568 45594672 14579753 87478518  1 10 15 15 15 16 14 18   3  311   70 3.28898312e-03 1.32890176e-02 -5.13380892e+03 4.04489885e+03 2.73000000e+02 1.53980541e+03 1.72780000e+03 8.70776332e-01 output-HeronTectonics19-M1/solution/solution-00014 
216 1.410190469223e+07 5.879582335194e+04 1773568 45594672 14579753 87478518  1 10 15 15 15 16 14 18   3  300   71 3.28913253e-03 1.32590382e-02 -5.20513816e+03 4.03752890e+03 2.73000000e+02 1.53981136e+03 1.72780000e+03 8.70780425e-01                                                 "" 
217 1.416083332155e+07 5.892862931615e+04 1773568 45594672 14579753 87478518  1 10 15 15 15 16 14 18   6  520  111 3.28891276e-03 1.32545531e-02 -5.26196198e+03 4.03051032e+03 2.73000000e+02 1.53985355e+03 1.72780000e+03 8.70809421e-01                                                 "" 
218 1.421978275700e+07 5.894943544872e+04 1773568 45594672 14579753 87478518  1 10 15 15 16 16 14 18   4  517   82 3.28853758e-03 1.32507174e-02 -5.31131233e+03 4.02349600e+03 2.73000000e+02 1.53989528e+03 1.72780000e+03 8.70838111e-01                                                 "" 
219 1.427874905024e+07 5.896629324628e+04 1773568 45594672 14579753 87478518  1 10 15 15 16 16 13 18   5  480  103 3.28814444e-03 1.32588843e-02 -5.33755286e+03 4.01702022e+03 2.73000000e+02 1.53993740e+03 1.72780000e+03 8.70867063e-01                                                 "" 
220 1.433767446926e+07 5.892541901682e+04 1773568 45594672 14579753 87478518  1 10 15 15 16 16 13 18   3  230   73 3.28782744e-03 1.32860344e-02 -5.34300015e+03 4.01095481e+03 2.73000000e+02 1.53997967e+03 1.72780000e+03 8.70896117e-01                                                 "" 
221 1.439648260568e+07 5.880813642564e+04 1773568 45594672 14579753 87478518  1  9 15 15 16 16 13 18   5  397   98 3.28830211e-03 1.33904603e-02 -5.33121499e+03 4.00506186e+03 2.73000000e+02 1.53998594e+03 1.72780000e+03 8.70900426e-01                                                 "" 
222 1.445483309216e+07 5.835048647418e+04 1773568 45594672 14579753 87478518  1 10 15 15 16 16 13 18   3  277   71 3.28839334e-03 1.34489775e-02 -5.28641723e+03 3.99960252e+03 2.73000000e+02 1.54002813e+03 1.72780000e+03 8.70929424e-01                                                 "" 
223 1.451292898783e+07 5.809589566815e+04 1773568 45594672 14579753 87478518  1  9 15 14 16 16 13 18   5  450  100 3.28888276e-03 1.35109137e-02 -5.21651894e+03 3.99404188e+03 2.73000000e+02 1.54006963e+03 1.72780000e+03 8.70957952e-01                                                 "" 
224 1.457075897834e+07 5.782999051822e+04 1773568 45594672 14579753 87478518  1  9 15 14 16 16 13 18   5  443   96 3.28923141e-03 1.35607030e-02 -5.13377557e+03 3.98823657e+03 2.73000000e+02 1.54011107e+03 1.72780000e+03 8.70986437e-01                                                 "" 
225 1.462837631130e+07 5.761733295257e+04 1773568 45594672 14579753 87478518  1  9 15 14 16 16 13 18   2  325   53 3.28926785e-03 1.35580193e-02 -5.04909307e+03 3.98218019e+03 2.73000000e+02 1.54015213e+03 1.72780000e+03 8.71014662e-01                                                 "" 
226 1.468600492334e+07 5.762861204160e+04 1773568 45594672 14579753 87478518  1  9 15 14 16 16 13 18   5  713   94 3.28976001e-03 1.35040875e-02 -4.97055568e+03 3.97584801e+03 2.73000000e+02 1.54015579e+03 1.72780000e+03 8.71017175e-01                                                 "" 
227 1.474386213104e+07 5.785720769835e+04 1773568 45594672 14579753 87478518  1 10 15 14 16 16 13 18   5  627   91 3.29030917e-03 1.33939052e-02 -4.91756111e+03 3.96958195e+03 2.73000000e+02 1.54019718e+03 1.72780000e+03 8.71045627e-01                                                 "" 
228 1.480219622643e+07 5.833409539154e+04 1773568 45594672 14579753 87478518  1 10 15 14 16 16 13 18   2  265   52 3.29065424e-03 1.33340468e-02 -4.90914530e+03 3.96324758e+03 2.73000000e+02 1.54023873e+03 1.72780000e+03 8.71074190e-01                                                 "" 
229 1.486079348499e+07 5.859725856489e+04 1773568 45594672 14579753 87478518  1 10 15 14 16 16 13 18   5  433   94 3.29094497e-03 1.32426406e-02 -4.94880103e+03 3.95696820e+03 2.73000000e+02 1.54028029e+03 1.72780000e+03 8.71102758e-01                                                 "" 
230 1.491979358145e+07 5.900009645415e+04 1773568 45594672 14579753 87478518  1 10 15 14 16 16 13 18   4  563   84 3.29098438e-03 1.31224280e-02 -4.97618930e+03 3.95067345e+03 2.73000000e+02 1.54032202e+03 1.72780000e+03 8.71131442e-01                                                 "" 
231 1.497933237659e+07 5.953879513730e+04 1773568 45594672 14579753 87478518  1 10 15 14 16 16 13 18   3  343   74 3.29094537e-03 1.31134169e-02 -4.98504863e+03 3.94419080e+03 2.73000000e+02 1.54032597e+03 1.72780000e+03 8.71134153e-01                                                 "" 
232 1.500000000000e+07 2.066762341473e+04 1773568 45594672 14579753 87478518  1  7 16 13 14 14 12 16   1  226   42 3.29092941e-03 1.30975631e-02 -4.97888301e+03 3.94195069e+03 2.73000000e+02 1.54034046e+03 1.72780000e+03 8.71144114e-01 output-HeronTectonics19-M1/solution/solution-00015 
